3030303030303030303030303030303030303030
3030303030303030303030303030303030303030
3030303030303030303030303030303030303030
3030303030303030303030303030303030303030
3030304242423030303030303030303030303030
3030303030423030304242423030303030303030
3030303030423030304230303030303030303030
3030304242423030304242303030303030303030
3030304230303030304230303030303030303030
3030304230303030304242423030303030303030
3030304242423030303030303030303030303030
3030303030303030303030303030303030303030
3030303030303030303030303030303030303030
3030303030303030303030303030303030303030
3030303030303030303030303030303030303030
3030303030303030303030303030303030303030

image image:tiles
position 129 128 *
