3030303030303030303030303030303030303030
3030303030303030303030303030303030303030
3030303030303030303030303030303030303030
3030404040403030303030303030303030303030
3030303030403030303030303030303030303030
3030303030403030403030304030303030303030
3030303040403030404030304030303030303030
3030303030403030403040304030303030303030
3030303030403030403030404030303030303030
3030404040403030403030304030303030303030
3030303030303030303030303030303030303030
3030303030303030303030303030303030303030
3030303030303030303030303030303030303030
3030303030303030303030303030303030303030
3030303030303030303030303030303030303030
3030303030303030303030303030303030303030

image image:tiles
position 128 127 *
