4040404040404040404040404040404040404040
4040404040404040404040404040404040404040
4040404040404040404040404040404040404040
4030303040304040404040404040404040404040
4030403040304030304040404040404040404040
4030403030304030404040404040404040404040
4040404040404030304040404040404040404040
4040404040404030404040404040404040404040
4040404040404030304040404040404040404040
4040404040404040404040404040404040404040
4040404040404040404040404040404040404040
4040404040404040404040404040404040404040
4040404040404040404040404040404040404040
4040404040404040404040404040404040404040
4040404040404040404040404040404040404040
4040404040404040404040404040404040404040

image image:tiles
position 129 127 *
