0000000000000000000000000000000000000000
0000000000000000000000000000000000000000
0000000000000000000000000000000000000000
0000000000000042424242424200000000000000
0000000000000042000000000000000000000000
0000000000000042000000000000000000000000
0000000000000042424242420000000000000000
0000000000000000000000420000000000000000
0000000000000000000000420000000000000000
0000000000000042420042420000000000000000
0000000000000000424242000000000000000000
0000000000000000000000000000000000000000
0000000000000000000000000000000000000000
0000000000000000000000000000000000000000
0000000000000000000000000000000000000000
0000000000000000000000000000000000000000

image image:tiles
position 130 128 0 *
